matgens_1_1 := [ [ [ -1, 0, 0, 0, 0, 1, -2, 2 ], [ 0, 0, -1, 0, 0, 1, -2, 3 ], [ -1, 1, -1, 0, 0, 1, -3, 4 ],
      [ -1, 1, -1, 0, -1, 2, -4, 6 ], [ -1, 0, -1, 1, -1, 1, -3, 5 ], [ -1, 0, 0, 0, 0, 0, -2, 4 ],
      [ 0, 0, 0, 0, 0, 0, -2, 3 ], [ 0, 0, 0, 0, 0, 0, -1, 1 ] ],
  [ [ -1, -2, 2, 0, 0, 0, 0, 0 ], [ -1, -2, 3, -1, 0, 0, 1, -1 ], [ -1, -3, 4, -1, 0, 0, 1, -1 ],
      [ -1, -4, 6, -2, 0, 0, 1, -1 ], [ -1, -3, 5, -2, 0, 1, 0, -1 ], [ -1, -2, 4, -2, 0, 1, 0, 0 ],
      [ -1, -1, 3, -1, -1, 1, 0, 0 ], [ 0, -1, 1, 0, -1, 1, 0, 0 ] ] ];;

translations_1_1 := [ [ 0, 0, 0, 0, 0, 0, 0, 0, 0, 0, 0, 0, 0, 0, 0, 0 ] ];

fixpointsets_1_1 := [ [ [ [ 6, 1 ], [ "F2^-1", "F1" ], "9 fixpoints", "Codimension 8" ],
      [ [ 3, 1 ], [ "F1" ], "36 fixpoints", "Codimension 8" ],
      [ [ 2, 1 ], [ "F2^-1" ], "1 fixpoints", "Codimension 4" ] ] ];;
