matgens_1_6 := [ [ [ -1, 0, 0, 0, 0, 0, 0, 0 ], [ 0, -1, 0, 0, 0, 0, 0, 0 ], [ 0, 0, -1, 0, 0, 0, 0, 0 ],
      [ 0, 0, 0, -1, 0, 0, 0, 0 ], [ 0, 0, 0, 0, -1, 0, 0, 0 ], [ 0, 0, 0, 0, 0, -1, 0, 0 ],
      [ 0, 0, 0, 0, 0, 0, -1, 0 ], [ 0, 0, 0, 0, 0, 0, 0, -1 ] ],
  [ [ -1, 0, 0, 0, 0, 2, -2, 0 ], [ -1, 0, -1, 1, -1, 3, -3, 1 ], [ -2, 1, 0, 0, -1, 4, -4, 1 ],
      [ -3, 0, 0, 1, -2, 6, -6, 2 ], [ -3, 0, 0, 1, -1, 4, -5, 2 ], [ -2, 0, 0, 0, 0, 3, -4, 2 ],
      [ -1, 0, 0, 0, 0, 2, -3, 2 ], [ 0, 0, 0, 0, 0, 1, -2, 1 ] ],
  [ [ -1, 0, 0, 0, 0, 0, 0, 0 ], [ 0, -1, 0, 0, 0, 0, 0, 0 ], [ 0, 0, -1, 0, 0, 0, 0, 0 ],
      [ 0, 0, 0, -1, 0, 0, 0, 0 ], [ 0, 0, 0, 0, -1, 0, 0, 0 ], [ 0, 0, 0, 0, 0, -1, 0, 0 ],
      [ 0, 0, 0, 0, 0, 0, -1, 0 ], [ 0, 0, 0, 0, 0, 0, 0, -1 ] ],
  [ [ 0, 2, 0, 0, -2, 1, 0, 0 ], [ -1, 3, 0, 0, -2, 1, 0, 0 ], [ -1, 4, 0, 0, -3, 2, -1, 0 ],
      [ -2, 6, 0, 0, -4, 2, 0, -1 ], [ -2, 5, 0, 0, -3, 1, 0, 0 ], [ -1, 4, 0, 0, -2, 0, 0, 0 ],
      [ 0, 3, -1, 0, -1, 0, 0, 0 ], [ 0, 2, 0, -1, 0, 0, 0, 0 ] ] ];;

translations_1_6 := [ [ 0, 0, 0, 0, 0, 0, 0, 0, 0, 0, 0, 0, 0, 0, 0, 0, 0, 0, 0, 0, 0, 0, 0, 0, 0, 0, 0, 0, 0, 0, 0, 0
     ] ];;

fixpointsets_1_6 := [ [ [ [ 8, 3 ], [ "F2", "F1^-1", "F4^-1" ], "4 fixpoints", "Codimension 8" ],
      [ [ 4, 2 ], [ "F1^-1", "F4^-1", "F4^-1*F1^-1" ], "6 fixpoints", "Codimension 8" ],
      [ [ 4, 1 ], [ "F2", "F1^-1" ], "6 fixpoints", "Codimension 8" ],
      [ [ 4, 2 ], [ "F1^-1", "F4^-1*F1^-1*F2^-1" ], "6 fixpoints", "Codimension 8" ],
      [ [ 2, 1 ], [ "F1^-1" ], "54 fixpoints", "Codimension 8" ],
      [ [ 2, 1 ], [ "F4^-1" ], "1 fixpoints", "Codimension 4" ],
      [ [ 2, 1 ], [ "F4^-1*F1^-1*F2^-1" ], "1 fixpoints", "Codimension 4" ] ] ];;
