matgens_1_12 := [ [ [ 2, 0, -2, 0, 0, 1, 0, 0 ], [ 3, 0, -3, 1, -1, 1, 1, -1 ], [ 4, 0, -4, 1, -1, 2, 0, 0 ],
      [ 6, 0, -6, 2, -2, 3, 0, -1 ], [ 4, 0, -5, 2, -2, 3, 0, -1 ], [ 3, 0, -4, 2, -2, 2, 0, 0 ],
      [ 2, -1, -3, 2, -1, 1, 0, 0 ], [ 1, 0, -2, 1, 0, 0, 0, 0 ] ],
  [ [ -1, 0, 0, 0, 0, 0, 0, 0 ], [ 0, -1, 0, 0, 0, 0, 0, 0 ], [ 0, 0, -1, 0, 0, 0, 0, 0 ],
      [ 0, 0, 0, -1, 0, 0, 0, 0 ], [ 0, 0, 0, 0, -1, 0, 0, 0 ], [ 0, 0, 0, 0, 0, -1, 0, 0 ],
      [ 0, 0, 0, 0, 0, 0, -1, 0 ], [ 0, 0, 0, 0, 0, 0, 0, -1 ] ],
  [ [ -2, 0, 2, 0, 0, -1, 0, 0 ], [ -2, 0, 3, -1, 1, -2, 1, -1 ], [ -3, 0, 4, -1, 1, -2, 0, 0 ],
      [ -4, 0, 6, -2, 2, -3, 0, -1 ], [ -4, 0, 5, -2, 2, -2, 0, -1 ], [ -3, 0, 4, -2, 2, -2, 0, 0 ],
      [ -2, 1, 3, -2, 1, -1, 0, 0 ], [ -1, 0, 2, -1, 0, 0, 0, 0 ] ] ];;

translations_1_12 := [ [ 0, 0, 0, 0, 0, 0, 0, 0, 0, 0, 0, 0, 0, 0, 0, 0, 0, 0, 0, 0, 0, 0, 0, 0 ],
  [ 1/2, 0, 0, 0, 0, 1/2, 0, 0, 0, 0, 0, 1/2, 1/2, 0, 1/2, 1/2, 1/2, 1/2, 0, 1/2, 0, 1/2, 0, 0 ] ];;

fixpointsets_1_12 := [ [ [ [ 8, 3 ], [ "F1^-1*F3^-1*F1^-1", "F2^-1", "F1" ], "8 fixpoints", "Codimension 8" ],
      [ [ 4, 2 ], [ "F2^-1", "F1^-1*F3^-1" ], "28 fixpoints", "Codimension 8" ],
      [ [ 4, 1 ], [ "F2^-1", "F1" ], "4 fixpoints", "Codimension 8" ],
      [ [ 4, 2 ], [ "F1^-1*F3^-1*F1^-1", "F2^-1", "F1^-1*F3^-1*F1^-1*F2^-1" ], "4 fixpoints",
          "Codimension 8" ], [ [ 2, 1 ], [ "F2^-1" ], "44 fixpoints", "Codimension 8" ],
      [ [ 2, 1 ], [ "F1^-1*F3^-1" ], "4 fixpoints", "Codimension 4" ],
      [ [ 2, 1 ], [ "F1^-1*F3^-1*F1^-1*F2^-1" ], "1 fixpoints", "Codimension 4" ] ],
  [ [ [ 4, 1 ], [ "F1^-1", "F2^-1", "F1" ], "8 fixpoints", "Codimension 8" ],
      [ [ 4, 2 ], [ "F1^-1*F3^-1*F1^-1", "F2^-1", "F1^-1*F3^-1*F1^-1*F2^-1" ], "8 fixpoints",
          "Codimension 8" ], [ [ 2, 1 ], [ "F2^-1" ], "56 fixpoints", "Codimension 8" ],
      [ [ 2, 1 ], [ "F1^-1*F3^-1*F1^-1*F2^-1" ], "1 fixpoints", "Codimension 4" ] ] ];;
