matgens_1_8 := [ [ [ -1, 0, 0, 0, 0, 0, 0, 0 ], [ 0, -1, 0, 0, 0, 0, 0, 0 ], [ 0, 0, -1, 0, 0, 0, 0, 0 ],
      [ 0, 0, 0, -1, 0, 0, 0, 0 ], [ 0, 0, 0, 0, -1, 0, 0, 0 ], [ 0, 0, 0, 0, 0, -1, 0, 0 ],
      [ 0, 0, 0, 0, 0, 0, -1, 0 ], [ 0, 0, 0, 0, 0, 0, 0, -1 ] ],
  [ [ 1, 0, 0, 0, 0, 0, 0, -2 ], [ 1, 0, 1, 0, -1, 1, -1, -2 ], [ 2, 0, 1, -1, 0, 1, -1, -3 ],
      [ 2, 0, 2, -1, 0, 1, -2, -4 ], [ 2, 1, 1, -1, 0, 1, -2, -3 ], [ 2, 0, 0, 0, 0, 1, -2, -2 ],
      [ 1, 0, 0, 0, 0, 1, -1, -2 ], [ 1, 0, 0, 0, 0, 0, 0, -1 ] ],
  [ [ -1, 0, 0, 0, 0, 0, 0, 0 ], [ 0, -1, 0, 0, 0, 0, 0, 0 ], [ 0, 0, -1, 0, 0, 0, 0, 0 ],
      [ 0, 0, 0, -1, 0, 0, 0, 0 ], [ 0, 0, 0, 0, -1, 0, 0, 0 ], [ 0, 0, 0, 0, 0, -1, 0, 0 ],
      [ 0, 0, 0, 0, 0, 0, -1, 0 ], [ 0, 0, 0, 0, 0, 0, 0, -1 ] ],
  [ [ 0, 0, 2, -2, 0, 1, 0, 0 ], [ 0, 1, 2, -3, 0, 2, 0, -1 ], [ 1, 1, 3, -4, 0, 2, 0, -1 ],
      [ 1, 2, 4, -6, 0, 3, 0, -1 ], [ 1, 2, 3, -5, 0, 3, -1, 0 ], [ 1, 2, 2, -4, 0, 2, 0, 0 ],
      [ 1, 1, 1, -2, -1, 2, 0, 0 ], [ 1, 0, 0, -1, 0, 1, 0, 0 ] ] ];;

translations_1_8 := [ [ 0, 0, 0, 0, 0, 0, 0, 0, 0, 0, 0, 0, 0, 0, 0, 0, 0, 0, 0, 0, 0, 0, 0, 0, 0, 0, 0, 0, 0, 0, 0, 0
     ] ];;

fixpointset_1_8 := [ [ [ [ 8, 3 ], [ "F1^-1", "F4^-1", "F2" ], "4 fixpoints", "Codimension 8" ],
      [ [ 4, 2 ], [ "F1^-1", "F4^-1*F1^-1", "F4^-1" ], "6 fixpoints", "Codimension 8" ],
      [ [ 4, 1 ], [ "F1^-1", "F2" ], "6 fixpoints", "Codimension 8" ],
      [ [ 4, 2 ], [ "F1^-1", "F4^-1*F1^-1*F2^-1" ], "6 fixpoints", "Codimension 8" ],
      [ [ 2, 1 ], [ "F1^-1" ], "54 fixpoints", "Codimension 8" ],
      [ [ 2, 1 ], [ "F4^-1" ], "1 fixpoints", "Codimension 4" ],
      [ [ 2, 1 ], [ "F4^-1*F1^-1*F2^-1" ], "1 fixpoints", "Codimension 4" ] ] ];;
