matgens_1_7 := [ [ [ -1, 0, 0, 0, 0, 0, 0, 0 ], [ 0, -1, 0, 0, 0, 0, 0, 0 ], [ 0, 0, -1, 0, 0, 0, 0, 0 ],
      [ 0, 0, 0, -1, 0, 0, 0, 0 ], [ 0, 0, 0, 0, -1, 0, 0, 0 ], [ 0, 0, 0, 0, 0, -1, 0, 0 ],
      [ 0, 0, 0, 0, 0, 0, -1, 0 ], [ 0, 0, 0, 0, 0, 0, 0, -1 ] ],
  [ [ -1, 0, 0, 0, 0, 0, 0, 0 ], [ 0, -1, 0, 0, 0, 0, 0, 0 ], [ 0, 0, -1, 0, 0, 0, 0, 0 ],
      [ 0, 0, 0, -1, 0, 0, 0, 0 ], [ 0, 0, 0, 0, -1, 0, 0, 0 ], [ 0, 0, 0, 0, 0, -1, 0, 0 ],
      [ 0, 0, 0, 0, 0, 0, -1, 0 ], [ 0, 0, 0, 0, 0, 0, 0, -1 ] ],
  [ [ 0, -2, 0, 2, -2, 1, 0, 0 ], [ -1, -2, 1, 2, -3, 1, 1, 0 ], [ -1, -3, 1, 3, -4, 2, 1, -1 ],
      [ -1, -4, 2, 4, -6, 2, 2, -1 ], [ -1, -3, 2, 3, -5, 2, 1, -1 ], [ -1, -2, 2, 2, -4, 2, 0, 0 ],
      [ -1, -1, 1, 2, -3, 1, 0, 0 ], [ 0, 0, 0, 1, -2, 1, 0, 0 ] ],
  [ [ 1, 0, 0, 0, 0, 0, -2, 2 ], [ 2, 1, 0, -1, 0, 0, -2, 3 ], [ 2, 1, 0, -1, 1, -1, -3, 4 ],
      [ 3, 2, 0, -1, 0, -1, -4, 6 ], [ 3, 1, -1, 0, 0, -1, -3, 5 ], [ 2, 0, 0, 0, 0, -1, -2, 4 ],
      [ 2, 0, 0, 0, 0, -1, -1, 2 ], [ 1, 0, 0, 0, 0, -1, 0, 1 ] ] ];;

translations_1_7 := [ [ 0, 0, 0, 0, 0, 0, 0, 0, 0, 0, 0, 0, 0, 0, 0, 0, 0, 0, 0, 0, 0, 0, 0, 0, 0, 0, 0, 0, 0, 0, 0, 0
     ] ];;

fixpointsets_1_7 := [ [ [ [ 8, 3 ], [ "F1^-1", "F3^-1", "F4" ], "4 fixpoints", "Codimension 8" ],
      [ [ 4, 1 ], [ "F1^-1", "F4" ], "6 fixpoints", "Codimension 8" ],
      [ [ 4, 2 ], [ "F1^-1", "F3^-1", "F3^-1*F1^-1" ], "6 fixpoints", "Codimension 8" ],
      [ [ 4, 2 ], [ "F3^-1*F1^-1*F4^-1", "F1^-1", "F3^-1*F4^-1" ], "6 fixpoints", "Codimension 8" ],
      [ [ 2, 1 ], [ "F1^-1" ], "54 fixpoints", "Codimension 8" ],
      [ [ 2, 1 ], [ "F3^-1" ], "1 fixpoints", "Codimension 4" ],
      [ [ 2, 1 ], [ "F3^-1*F4^-1" ], "1 fixpoints", "Codimension 4" ] ] ];;
