matgens_2_8 := [ [ [ -1, -1, 1, 0, 1, 0, -2, 1 ], [ -2, -2, 2, 0, 1, 0, -2, 2 ], [ -2, -3, 2, 0, 2, 0, -3, 2 ],
      [ -3, -4, 3, 0, 3, -1, -4, 4 ], [ -2, -3, 2, 0, 2, 0, -4, 4 ], [ -1, -3, 1, 1, 1, 0, -3, 3 ],
      [ 0, -2, 1, 0, 1, 0, -2, 2 ], [ 0, -1, 1, 0, 0, 0, -1, 1 ] ],
  [ [ -1, 0, 0, 0, 0, 0, 0, 0 ], [ 0, -1, 0, 0, 0, 0, 0, 0 ], [ 0, 0, -1, 0, 0, 0, 0, 0 ],
      [ 0, 0, 0, -1, 0, 0, 0, 0 ], [ 0, 0, 0, 0, -1, 0, 0, 0 ], [ 0, 0, 0, 0, 0, -1, 0, 0 ],
      [ 0, 0, 0, 0, 0, 0, -1, 0 ], [ 0, 0, 0, 0, 0, 0, 0, -1 ] ],
  [ [ 1, 1, -1, 0, -1, 0, 2, -1 ], [ 2, 2, -2, 0, -1, 0, 2, -2 ], [ 2, 3, -2, 0, -2, 0, 3, -2 ],
      [ 3, 4, -3, 0, -3, 1, 4, -4 ], [ 2, 3, -2, 0, -2, 0, 4, -4 ], [ 1, 3, -1, -1, -1, 0, 3, -3 ],
      [ 0, 2, -1, 0, -1, 0, 2, -2 ], [ 0, 1, -1, 0, 0, 0, 1, -1 ] ],
  [ [ 1, -1, -1, 1, -1, 1, 1, -1 ], [ 1, -1, -1, 2, -3, 2, 1, -1 ], [ 1, -1, -1, 2, -3, 2, 2, -2 ],
      [ 2, -2, -2, 4, -5, 3, 2, -2 ], [ 2, -1, -2, 3, -4, 3, 1, -2 ],
      [ 1, -1, -1, 2, -3, 3, 0, -1 ], [ 0, -1, -1, 2, -2, 2, 0, -1 ], [ 0, 0, -1, 1, -1, 1, 0, 0 ]
     ] ];;

translations_2_8 := [ [ 0, 0, 0, 0, 0, 0, 0, 0, 0, 0, 0, 0, 0, 0, 0, 0, 0, 0, 0, 0, 0, 0, 0, 0, 0, 0, 0, 0, 0, 0, 0, 0
     ] ];;

fixpointsets_2_8 := [ [ [ [ 24, 3 ], [ "F1", "F2^-1", "F4" ], "4 fixpoints", "Codimension 8" ],
      [ [ 6, 2 ], [ "F4*F2^-1", "F2^-1", "F4" ], "12 fixpoints", "Codimension 8" ],
      [ [ 4, 1 ], [ "F1", "F2^-1" ], "6 fixpoints", "Codimension 8" ],
      [ [ 2, 1 ], [ "F2^-1" ], "14 fixpoints", "Codimension 8" ],
      [ [ 3, 1 ], [ "F4" ], "1 fixpoints", "Codimension 4" ] ] ];;
